lastAccountName: plc12345
timestamps:
  login: 1609639137771
  logout: 1609649716762
  lastteleport: 1609648909066
ipAddress: 127.0.0.1
logoutlocation:
  world: world
  x: 793.4085321353537
  y: 68.0
  z: -360.2935137596333
  yaw: -10.955278
  pitch: 5.099451
lastlocation:
  world: world
  x: 820.8882593316132
  y: 12.0
  z: -397.1779610521337
  yaw: 194.96783
  pitch: 18.899992
homes:
  uwu:
    world: world
    x: 805.3166576863077
    y: 64.0
    z: -355.75123113218046
    yaw: 6.870843
    pitch: 16.799149
