lastAccountName: plc12345
timestamps:
  login: 1609783388610
  logout: 1609785972846
  lastteleport: 1609648909066
ipAddress: 127.0.0.1
logoutlocation:
  world: world
  x: 804.6626113382803
  y: 64.0
  z: -355.11613314487283
  yaw: -90.55324
  pitch: 28.649725
lastlocation:
  world: world
  x: 820.8882593316132
  y: 12.0
  z: -397.1779610521337
  yaw: 194.96783
  pitch: 18.899992
homes:
  uwu:
    world: world
    x: 805.3166576863077
    y: 64.0
    z: -355.75123113218046
    yaw: 6.870843
    pitch: 16.799149
