lastAccountName: Chimpuna
timestamps:
  login: 1609654642466
  logout: 1609655633146
  lastteleport: 1609653527013
ipAddress: 127.0.0.1
logoutlocation:
  world: world
  x: 842.7062136107779
  y: 59.0
  z: -312.97039822455133
  yaw: 121.8302
  pitch: 11.249755
homes:
  home:
    world: world
    x: 845.7046247886026
    y: 70.0625
    z: -312.72694408993226
    yaw: -58.965874
    pitch: 15.599283
lastlocation:
  world: world
  x: 840.9020011430398
  y: 64.0
  z: 936.3065137065543
  yaw: 82.35837
  pitch: 8.549154
