lastAccountName: Chimpuna
timestamps:
  login: 1609988003073
  logout: 1609993917437
  lastteleport: 1609993909219
ipAddress: 127.0.0.1
logoutlocation:
  world: world
  x: 843.5
  y: 65.0
  z: -311.5
  yaw: 176.53133
  pitch: 15.299313
homes:
  home:
    world: world
    x: 843.8088216559285
    y: 65.0
    z: -311.80957526426437
    yaw: 160.48163
    pitch: 19.499302
lastlocation:
  world: world
  x: 752.8877592195448
  y: 65.0
  z: -304.60515009201714
  yaw: -297.8935
  pitch: 16.049953
