lastAccountName: plcplc
timestamps:
  login: 1609963663471
  logout: 1609963872490
  lastteleport: 1609963671561
ipAddress: 127.0.0.1
lastlocation:
  world: world
  x: 758.461912246996
  y: 70.0
  z: -388.04428162860984
  yaw: -12.949829
  pitch: 19.498299
logoutlocation:
  world: world
  x: 794.7643871616162
  y: 67.0
  z: -409.1855425456498
  yaw: -296.80725
  pitch: 13.349491
homes:
  home:
    world: world
    x: 755.6308216508143
    y: 70.0
    z: -396.4893349635066
    yaw: 283.53497
    pitch: 26.999125
  mine:
    world: world
    x: 464.34956736509247
    y: 11.0
    z: -525.2782624776294
    yaw: 1.2142036
    pitch: 11.700745
  crep:
    world: world
    x: 2013.5342624616642
    y: 63.0
    z: -659.9079540678957
    yaw: -63.883812
    pitch: 20.763931
