lastAccountName: ilGaTu
timestamps:
  login: 1609582390428
  logout: 1609582645651
ipAddress: 127.0.0.1
logoutlocation:
  world: world
  x: 760.0296016308574
  y: 80.0
  z: -384.37404370957626
  yaw: 246.39842
  pitch: 21.913414
