lastAccountName: ilGaTu
timestamps:
  login: 1609978258262
  logout: 1609978563336
  lastteleport: 1609929392168
  kits:
    firework: 1609653141866
    tools: 1609653052776
ipAddress: 127.0.0.1
logoutlocation:
  world: world
  x: 713.8948678082468
  y: 66.0
  z: -284.6119768829971
  yaw: 227.26117
  pitch: 9.649098
lastlocation:
  world: world
  x: 2017.5092002237657
  y: 63.0
  z: -656.3456304849433
  yaw: 110.73822
  pitch: 9.60108
homes:
  centro:
    world: world
    x: 778.5485894775474
    y: 64.0
    z: -383.7401091702578
    yaw: -165.50633
    pitch: 6.2074747
  creeper:
    world: world
    x: 2008.5690756815236
    y: 180.0
    z: -655.5981607783635
    yaw: -284.03467
    pitch: 23.811756
