lastAccountName: holaTAS
timestamps:
  login: 1609901963112
  logout: 1609904048147
ipAddress: 127.0.0.1
lastlocation:
  world: world
  x: 722.9932391404219
  y: 65.67647087614428
  z: -393.45682928470995
  yaw: -323.40903
  pitch: 49.199802
logoutlocation:
  world: world
  x: 805.3798978980097
  y: 68.0
  z: -366.02621967970475
  yaw: 165.63155
  pitch: 15.599768
