spawns: 
  default: 
    world: world
    x: 739.500793828484
    y: 64.0
    z: -223.31581096869257
    yaw: 187.77979
    pitch: 8.287165
